0 1 384 G 451 L
0 2 443 F 467 Y
0 3 472 S 468 W
0 4 478 W 447 L
0 5 526 M 358 H
1 1
0 6 349 Z 442 J
0 7 413 Y 352 N
0 8 365 J 476 G
0 9 449 R 376 V
0 10 465 Z 466 L
1 4
0 11 555 P 486 Z
0 12 855 T 379 X
0 13 562 N 496 R
0 14 739 H 632 M
0 15 612 V 554 L
1 8
0 16 665 S 457 L
0 17 640 U 581 J
0 18 335 Z 548 V
0 19 503 N 656 B
0 20 622 Z 461 V
1 16
1 17
0 21 505 L 643 W
0 22 328 J 338 F
0 23 373 B 329 F
0 24 563 S 670 B
0 25 677 A 364 B
1 15
1 13
0 26 506 G 731 J
0 27 491 V 490 N
0 28 597 R 620 W
0 29 458 X 463 H
0 30 647 Z 605 T
1 8
1 3
1 17
0 31 570 P 730 G
0 32 529 V 354 X
0 33 374 F 184 X
0 34 115 P 593 R
0 35 716 M 598 Y
1 32
1 9
1 8
0 36 584 P 735 S
0 37 559 T 147 N
0 38 596 Z 214 Y
0 39 218 W 609 F
0 40 615 S 333 V
1 3
1 22
1 34
1 38
0 41 144 W 538 N
0 42 475 T 673 Y
0 43 227 J 614 S
0 44 771 V 703 M
0 45 646 W 368 R
1 27
1 33
1 18
1 30
0 46 293 N 708 F
0 47 363 N 493 T
0 48 148 J 100 W
0 49 903 Z 679 J
0 50 282 L 477 X
1 26
1 18
1 31
1 2
1 41
0 51 832 S 811 G
0 52 793 Y 787 C
0 53 809 V 806 L
0 54 131 G 637 B
0 55 355 T 834 S
1 54
1 53
1 43
1 27
1 20
0 56 808 B 839 S
0 57 153 G 540 P
0 58 801 L 802 J
0 59 720 L 819 G
0 60 925 N 450 Z
1 53
1 18
1 56
1 4
1 12
1 48
0 61 308 J 905 W
0 62 306 W 970 J
0 63 729 V 275 Y
0 64 919 X 918 T
0 65 723 R 370 P
1 52
1 15
1 13
1 20
1 10
1 64
0 66 233 B 822 L
0 67 471 F 813 X
0 68 945 G 636 Y
0 69 712 M 139 N
0 70 281 S 339 Q
1 21
1 35
1 2
1 3
1 56
1 31
1 11
0 71 671 K 112 V
0 72 953 M 271 T
0 73 666 H 669 P
0 74 347 L 759 Z
0 75 143 R 375 X
1 15
1 63
1 60
1 54
1 11
1 6
1 7
0 76 519 R 240 W
0 77 247 L 794 B
0 78 910 F 545 T
0 79 667 M 760 T
0 80 278 Y 631 W
1 57
1 47
1 7
1 59
1 67
1 64
1 44
1 25
0 81 295 X 332 Z
0 82 914 Z 344 S
0 83 947 R 590 S
0 84 909 S 595 X
0 85 516 P 587 Z
1 48
1 23
1 35
1 27
1 59
1 1
1 20
1 6
0 86 715 W 589 Z
0 87 371 W 346 T
0 88 550 B 690 P
0 89 709 Z 814 !
0 90 140 J 244 Y
1 22
1 89
1 52
1 55
1 58
1 3
1 85
1 40
1 25
0 91 943 M 688 T
0 92 561 J 722 W
0 93 133 V 950 W
0 94 800 Z 795 P
0 95 724 P 573 V
1 24
1 16
1 68
1 83
1 75
1 62
1 52
1 21
1 8
0 96 113 V 336 L
0 97 361 R 741 Z
0 98 838 H 156 S
0 99 980 M 784 S
0 100 681 T 272 S
1 16
1 50
1 70
1 92
1 48
1 77
1 54
1 53
1 37
1 94
