0 1 161 H 285 B
0 2 805 B 220 Y
0 3 215 B 266 N
0 4 254 P 250 M
0 5 241 V 225 G
1 3
0 6 251 L 222 W
0 7 268 N 231 M
0 8 262 G 536 T
0 9 244 R 358 X
0 10 434 T 543 P
1 8
0 11 228 Y 259 N
0 12 243 N 464 G
0 13 269 K 485 F
0 14 240 C 393 Y
0 15 413 P 263 R
1 14
0 16 537 Y 519 W
0 17 291 J 554 F
0 18 221 T 151 B
0 19 150 G 129 Z
0 20 684 V 235 L
1 13
1 16
0 21 619 Z 277 V
0 22 741 V 589 W
0 23 131 G 412 S
0 24 674 N 716 S
0 25 264 P 310 Q
1 17
1 10
0 26 726 L 550 F
0 27 576 S 312 Z
0 28 771 M 593 Y
0 29 587 G 685 Y
0 30 775 T 670 R
1 1
1 22
1 6
0 31 559 M 885 Y
0 32 833 H 583 T
0 33 134 S 472 Z
0 34 386 T 122 Z
0 35 610 Z 103 M
1 31
1 34
1 19
0 36 555 B 439 F
0 37 306 T 112 X
0 38 722 Z 721 G
0 39 869 M 578 R
0 40 866 Z 733 X
1 25
1 10
1 32
1 6
0 41 153 T 513 L
0 42 253 G 425 R
0 43 551 M 429 Y
0 44 917 F 581 N
0 45 432 U 704 H
1 29
1 41
1 38
1 26
0 46 421 M 887 H
0 47 397 L 474 V
0 48 556 H 689 B
0 49 760 S 824 Y
0 50 611 G 703 J
1 42
1 16
1 34
1 39
1 27
0 51 831 R 588 J
0 52 734 S 598 M
0 53 288 R 544 X
0 54 428 W 496 M
0 55 318 B 324 N
1 13
1 49
1 21
1 51
1 7
0 56 836 T 102 B
0 57 465 S 517 J
0 58 114 L 283 G
0 59 140 Y 612 R
0 60 676 X 532 B
1 37
1 44
1 33
1 25
1 29
1 54
0 61 829 G 790 W
0 62 423 V 857 N
0 63 815 B 714 X
0 64 223 L 416 S
0 65 878 P 392 G
1 36
1 3
1 5
1 46
1 4
1 45
0 66 328 V 309 Y
0 67 892 L 699 P
0 68 732 R 752 T
0 69 107 H 592 R
0 70 415 P 132 G
1 47
1 38
1 25
1 22
1 30
1 24
1 37
0 71 144 T 507 S
0 72 889 F 871 N
0 73 602 B 813 F
0 74 772 X 120 T
0 75 590 W 594 Z
1 66
1 49
1 63
1 33
1 67
1 62
1 50
0 76 303 L 400 T
0 77 666 V 127 L
0 78 314 W 522 R
0 79 354 X 441 L
0 80 746 F 826 B
1 68
1 72
1 47
1 67
1 29
1 70
1 15
1 24
0 81 512 F 895 J
0 82 651 L 455 J
0 83 329 J 146 G
0 84 345 H 655 V
0 85 898 H 521 W
1 55
1 26
1 12
1 5
1 74
1 54
1 66
1 70
0 86 447 W 798 S
0 87 436 W 273 N
0 88 873 B 724 W
0 89 409 F 320 W
0 90 528 V 295 H
1 22
1 5
1 25
1 57
1 42
1 11
1 44
1 32
1 66
0 91 804 X 884 Y
0 92 743 H 816 N
0 93 274 M 653 Z
0 94 276 X 448 T
0 95 745 X 778 B
1 32
1 86
1 6
1 1
1 62
1 64
1 10
1 23
1 20
0 96 709 W 832 P
0 97 361 X 147 T
0 98 856 S 820 P
0 99 323 N 121 Y
0 100 145 L 141 W
1 43
1 63
1 66
1 44
1 62
1 57
1 17
1 94
1 29
1 84
0 101 493 W 753 Y
0 102 671 W 737 M
0 103 565 F 591 R
0 104 130 H 339 S
0 105 687 Y 181 B
1 98
1 84
1 10
1 94
1 103
1 11
1 96
1 42
1 72
1 44
0 106 638 Z 912 T
0 107 901 X 226 V
0 108 846 W 840 F
0 109 982 W 340 Y
0 110 239 W 197 S
1 91
1 89
1 100
1 57
1 1
1 76
1 58
1 49
1 45
1 38
1 79
0 111 909 G 928 N
0 112 927 Y 603 L
0 113 937 P 255 H
0 114 916 N 375 F
0 115 365 X 623 T
1 24
1 3
1 97
1 100
1 61
1 60
1 108
1 35
1 72
1 66
1 67
0 116 648 G 337 P
0 117 971 X 381 V
0 118 530 Y 948 W
0 119 348 R 756 M
0 120 182 G 769 X
1 111
1 63
1 34
1 9
1 55
1 96
1 100
1 91
1 24
1 70
1 43
1 31
0 121 955 J 506 M
0 122 749 G 990 B
0 123 480 R 478 G
0 124 165 N 597 Y
0 125 290 S 902 Z
1 19
1 103
1 62
1 30
1 47
1 122
1 75
1 105
1 4
1 88
1 27
1 1
0 126 748 T 725 R
0 127 484 S 459 R
0 128 326 P 998 S
0 129 710 N 794 Y
0 130 445 A 205 S
1 72
1 9
1 26
1 62
1 89
1 39
1 118
1 46
1 15
1 52
1 76
1 75
1 59
0 131 882 H 941 Z
0 132 768 V 701 H
0 133 964 X 505 S
0 134 353 W 932 Y
0 135 762 Z 606 Y
1 69
1 57
1 104
1 68
1 80
1 62
1 54
1 19
1 111
1 83
1 44
1 127
1 97
0 136 643 N 368 R
0 137 503 S 692 W
0 138 979 N 609 M
0 139 914 V 433 S
0 140 289 W 913 R
1 41
1 129
1 95
1 121
1 122
1 111
1 70
1 131
1 107
1 16
1 45
1 103
1 91
1 56
0 141 463 N 170 X
0 142 136 W 870 F
0 143 229 Y 529 Z
0 144 256 P 333 F
0 145 190 Z 278 V
1 127
1 60
1 76
1 129
1 104
1 133
1 142
1 2
1 131
1 98
1 7
1 61
1 92
1 103
0 146 542 T 675 R
0 147 738 F 376 Z
0 148 586 M 515 H
0 149 647 G 642 !
0 150 535 G 533 F
1 131
1 65
1 125
1 50
1 110
1 122
1 57
1 129
1 85
1 8
1 24
1 90
1 31
1 45
1 95
0 151 377 B 370 M
0 152 886 L 575 B
0 153 943 G 184 R
0 154 214 N 953 H
0 155 950 L 681 W
1 111
1 73
1 4
1 117
1 63
1 48
1 104
1 124
1 103
1 12
1 65
1 95
1 34
1 80
1 147
0 156 751 S 686 J
0 157 549 R 194 S
0 158 109 G 213 N
0 159 780 N 495 S
0 160 545 F 954 H
1 87
1 10
1 155
1 105
1 49
1 47
1 122
1 19
1 135
1 68
1 120
1 127
1 73
1 50
1 63
1 99
0 161 200 N 644 B
0 162 387 P 940 X
0 163 627 R 196 S
0 164 848 L 961 J
0 165 350 N 534 T
1 110
1 101
1 105
1 104
1 92
1 3
1 77
1 117
1 96
1 144
1 31
1 108
1 55
1 164
1 6
1 43
0 166 117 X 978 M
0 167 922 Y 994 F
0 168 839 B 763 V
0 169 572 L 705 G
0 170 789 S 427 V
1 109
1 76
1 116
1 88
1 84
1 40
1 41
1 13
1 71
1 105
1 2
1 127
1 128
1 96
1 22
1 130
1 151
0 171 209 J 172 G
0 172 395 G 616 Y
0 173 837 Z 284 F
0 174 767 M 944 J
0 175 731 H 189 S
1 92
1 51
1 105
1 114
1 75
1 64
1 31
1 46
1 123
1 62
1 151
1 30
1 131
1 45
1 141
1 139
1 171
0 176 367 G 615 Z
0 177 384 Z 124 L
0 178 851 Z 106 H
0 179 852 F 321 B
0 180 877 T 808 L
1 1
1 158
1 23
1 78
1 59
1 25
1 4
1 113
1 153
1 21
1 12
1 30
1 172
1 168
1 101
1 108
1 106
1 93
0 181 442 Z 557 T
0 182 497 F 520 M
0 183 398 F 374 P
0 184 449 V 216 Z
0 185 157 B 341 J
1 107
1 82
1 123
1 152
1 21
1 140
1 124
1 158
1 92
1 164
1 23
1 74
1 56
1 177
1 93
1 171
1 167
1 169
0 186 708 B 174 H
0 187 304 Y 621 V
0 188 541 S 171 X
0 189 747 R 247 W
0 190 803 Z 645 S
1 113
1 77
1 185
1 139
1 27
1 163
1 184
1 105
1 5
1 160
1 179
1 19
1 30
1 166
1 39
1 89
1 21
1 95
1 104
0 191 946 Y 149 L
0 192 115 J 801 G
0 193 128 J 695 M
0 194 951 G 108 S
0 195 691 R 845 S
1 166
1 132
1 128
1 98
1 30
1 145
1 17
1 105
1 25
1 150
1 87
1 192
1 18
1 157
1 7
1 96
1 103
1 114
1 42
0 196 494 X 683 B
0 197 265 F 479 B
0 198 729 J 302 B
0 199 525 T 279 B
0 200 770 J 702 W
1 86
1 7
1 171
1 70
1 145
1 100
1 185
1 45
1 60
1 22
1 190
1 82
1 53
1 143
1 34
1 156
1 48
1 175
1 65
1 87
